Generating initial poblation...
awas:  (1, 2)
awas:  (1, 2)
awas:  (1, 2)
awas:  (1, 2)
awas:  (1, 2)
awas:  (1, 2)
awas:  (1, 2)
awas:  (1, 2)
awas:  (1, 2)
awas:  (1, 2)
awas:  (1, 2)
awas:  (1, 2)
awas:  (1, 2)
awas:  (1, 2)
awas:  (1, 2)
awas:  (1, 2)
awas:  (1, 2)
awas:  (1, 2)
awas:  (1, 2)
awas:  (1, 2)
awas:  (1, 2)
awas:  (1, 2)
awas:  (1, 2)
awas:  (1, 2)
awas:  (1, 2)
awas:  (1, 2)
awas:  (1, 2)
awas:  (1, 2)
awas:  (1, 2)
awas:  (1, 2)
awas:  (1, 2)
awas:  (1, 2)
awas:  (1, 2)
awas:  (1, 2)
awas:  (1, 2)
awas:  (1, 2)
awas:  (1, 2)
awas:  (1, 2)
awas:  (1, 2)
awas:  (1, 2)
awas:  (1, 2)
awas:  (1, 2)
awas:  (1, 2)
awas:  (1, 2)
awas:  (1, 2)
awas:  (1, 2)
awas:  (1, 2)
awas:  (1, 2)
awas:  (1, 2)
awas:  (1, 2)
awas:  (1, 2)
awas:  (1, 2)
awas:  (1, 2)
awas:  (1, 2)
awas:  (1, 2)
awas:  (1, 2)
awas:  (1, 2)
awas:  (1, 2)
awas:  (1, 2)
awas:  (1, 2)
Done!
Executing diferential evolution algorithm...
Generation 0:
	Evaluating...
	Sorting...
[5 1 4 3 2 0]
[516.47177033 531.50274337 535.4603745  550.63152035 556.14045319
 799.1839301 ]
Indi 0:
[[3.52389627 1.3180908 ]
 [2.93826082 1.23425749]
 [4.52569321 1.17727867]
 [6.50814016 6.24081743]
 [7.78214885 2.4748308 ]
 [1.20848613 9.86718127]
 [9.50260878 7.78944254]
 [8.87212763 5.16067328]
 [9.53280558 6.38555247]
 [1.83172464 0.51985948]]
[1.19119175 1.95329802 1.85185577 0.27107834 7.69847133 1.07195704
 3.54779091 9.13269046 8.01817433 2.94727729]
Indi 1:
[[1.75904971 1.84849797]
 [2.10317238 1.4001211 ]
 [8.47143882 7.3516645 ]
 [5.21650614 9.29720897]
 [3.39530498 8.207418  ]
 [8.72184884 3.62495893]
 [8.21802059 9.96517247]
 [4.02379581 2.9857773 ]
 [7.47800641 8.80065136]
 [2.85655316 3.04922335]]
[1.04544485 8.47290125 0.78820748 9.35215731 9.93731641 8.33622443
 8.77329949 5.83903668 3.45593301 3.90314499]
Indi 2:
[[1.57825226 4.69386075]
 [9.45913565 8.67465347]
 [2.27725716 6.15929376]
 [1.6060613  1.57600357]
 [1.15018575 6.81570968]
 [0.25666385 8.97037866]
 [0.27949593 3.95574432]
 [5.75010932 4.32131679]
 [2.73367606 5.08537498]
 [7.69846115 9.24019191]]
[9.7833223  7.67778813 7.89709333 7.56624088 3.85372985 3.91329356
 9.05225521 5.50999514 0.01936112 7.45831708]
Indi 3:
[[5.35784476 9.94268013]
 [0.37010002 8.3222743 ]
 [7.11094037 4.8448115 ]
 [4.44611155 0.54610593]
 [9.50261096 6.97765496]
 [2.2230583  0.39262379]
 [0.96105086 2.09959802]
 [6.60638374 2.11660451]
 [6.51932628 3.31756266]
 [3.81241128 7.23542358]]
[6.68359236 0.44680118 1.81978267 3.83307289 1.19203931 6.03559204
 8.10788008 4.5268721  9.82855827 4.78098718]
Indi 4:
[[0.63763022 1.20475246]
 [3.52510608 3.10612695]
 [6.32083078 9.98079856]
 [8.2022247  1.54389534]
 [1.10830293 7.44932095]
 [2.91765403 9.09813643]
 [5.93231969 5.28338138]
 [7.72379181 2.86974098]
 [3.34607882 7.10163131]
 [3.2895974  9.49624562]]
[5.07356781 5.63217523 9.45984222 7.40689479 5.86601247 5.61691121
 8.0701244  5.32288297 7.17583009 2.70655652]
Indi 5:
[[0.94677691 5.18022849]
 [4.05415146 0.        ]
 [6.28432428 0.46150473]
 [7.76848654 6.31156467]
 [4.86863258 0.33541388]
 [6.11562994 9.032483  ]
 [1.47226756 0.83066454]
 [2.10052384 0.26505835]
 [2.50464768 5.87241014]
 [7.44315504 4.45546396]]
[8.4034016  3.67591918 8.07249802 4.4218695  3.56728725 8.36734579
 4.58015647 6.02483365 5.53108068 3.24005174]
Best result so far:
awas:  (1, 2)
awas:  (1, 2)
awas:  (1, 2)
awas:  (1, 2)
awas:  (1, 2)
awas:  (1, 2)
awas:  (1, 2)
awas:  (1, 2)
awas:  (1, 2)
awas:  (1, 2)
Amplitudes: 
8.403402 3.675919 8.072498 4.421870 3.567287 8.367346 4.580156 6.024834 5.531081 3.240052 
Ants positions: 
	x		y
[[0.94677691 5.18022849]]
[[4.05415146 0.        ]]
[[6.28432428 0.46150473]]
[[7.76848654 6.31156467]]
[[4.86863258 0.33541388]]
[[6.11562994 9.032483  ]]
[[1.47226756 0.83066454]]
[[2.10052384 0.26505835]]
[[2.50464768 5.87241014]]
[[7.44315504 4.45546396]]

	Diferential algorithm...
		|| >>>>>> ---------------------------------- ||  16 %Dist indices:
2 8
Amps indices:
0 9
Distances:
c1.orig
[[ 2.4926291   5.2983337 ]
 [ 1.07590806  4.23532782]
 [ 9.50553768  8.81867763]
 [ 4.39169469  7.01932437]
 [ 4.08348983 10.        ]
 [ 9.12767771  0.16486406]
 [ 4.80139742  7.68923466]
 [ 3.11749826  1.76814979]
 [ 6.27261469  7.57345543]
 [ 3.64882781  5.73544899]]
c2.orig
[[3.52389627 1.3180908 ]
 [2.93826082 1.23425749]
 [4.52569321 1.17727867]
 [6.50814016 6.24081743]
 [7.78214885 2.4748308 ]
 [1.20848613 9.86718127]
 [9.50260878 7.78944254]
 [8.87212763 5.16067328]
 [9.53280558 6.38555247]
 [1.83172464 0.51985948]]
c1.cross
[[2.4926291  5.2983337 ]
 [1.07590806 4.23532782]
 [4.52569321 1.17727867]
 [6.50814016 6.24081743]
 [7.78214885 2.4748308 ]
 [1.20848613 9.86718127]
 [9.50260878 7.78944254]
 [8.87212763 5.16067328]
 [6.27261469 7.57345543]
 [3.64882781 5.73544899]]
Amplitudes:
c1.orig
[ 3.2424051   7.87030251  0.77537824 10.77695513  7.3347436  10.32167843
 10.59733516  3.99670934  4.18008658  4.63662895]
c2.orig
[1.19119175 1.95329802 1.85185577 0.27107834 7.69847133 1.07195704
 3.54779091 9.13269046 8.01817433 2.94727729]
c1.cross
[1.19119175 1.95329802 1.85185577 0.27107834 7.69847133 1.07195704
 3.54779091 9.13269046 8.01817433 4.63662895]
Updating values
c1.updated
[[2.4926291  5.2983337 ]
 [1.07590806 4.23532782]
 [4.52569321 1.17727867]
 [6.50814016 6.24081743]
 [7.78214885 2.4748308 ]
 [1.20848613 9.86718127]
 [9.50260878 7.78944254]
 [8.87212763 5.16067328]
 [6.27261469 7.57345543]
 [3.64882781 5.73544899]]
[1.19119175 1.95329802 1.85185577 0.27107834 7.69847133 1.07195704
 3.54779091 9.13269046 8.01817433 4.63662895]
550.6315203467113 799.1839301006036 True
Storing candidate!		|| >>>>>>>>>>>>> --------------------------- ||  33 %Antenas collapsed
Dist indices:
1 6
Amps indices:
1 3
Distances:
c1.orig
[[1.73291386 2.37704956]
 [1.95935841 0.9033607 ]
 [1.43611005 7.04281591]
 [1.35526763 3.75753767]
 [5.33907673 3.97959212]
 [1.36733432 0.61523587]
 [2.85623127 2.00484892]
 [0.91866866 1.83274584]
 [2.34122869 0.37745929]
 [0.28738433 3.0086373 ]]
c2.orig
[[1.75904971 1.84849797]
 [2.10317238 1.4001211 ]
 [8.47143882 7.3516645 ]
 [5.21650614 9.29720897]
 [3.39530498 8.207418  ]
 [8.72184884 3.62495893]
 [8.21802059 9.96517247]
 [4.02379581 2.9857773 ]
 [7.47800641 8.80065136]
 [2.85655316 3.04922335]]
c1.cross
[[1.73291386 2.37704956]
 [2.10317238 1.4001211 ]
 [8.47143882 7.3516645 ]
 [5.21650614 9.29720897]
 [3.39530498 8.207418  ]
 [8.72184884 3.62495893]
 [2.85623127 2.00484892]
 [0.91866866 1.83274584]
 [2.34122869 0.37745929]
 [0.28738433 3.0086373 ]]
Amplitudes:
c1.orig
[3.10590085 2.94310177 6.08638916 5.70865316 1.46596709 3.63596333
 3.61786679 3.04784599 0.67387539 1.54405794]
c2.orig
[1.04544485 8.47290125 0.78820748 9.35215731 9.93731641 8.33622443
 8.77329949 5.83903668 3.45593301 3.90314499]
c1.cross
[3.10590085 8.47290125 0.78820748 5.70865316 1.46596709 3.63596333
 3.61786679 3.04784599 0.67387539 1.54405794]
Updating values
c1.updated
[[1.73291386 2.37704956]
 [2.10317238 1.4001211 ]
 [8.47143882 7.3516645 ]
 [5.21650614 9.29720897]
 [3.39530498 8.207418  ]
 [8.72184884 3.62495893]
 [2.85623127 2.00484892]
 [0.91866866 1.83274584]
 [2.34122869 0.37745929]
 [0.28738433 3.0086373 ]]
[3.10590085 8.47290125 0.78820748 5.70865316 1.46596709 3.63596333
 3.61786679 3.04784599 0.67387539 1.54405794]
550.6315203467113 531.5027433706105 False
Storing candidate!		|| >>>>>>>>>>>>>>>>>>>> -------------------- ||  50 %Antenas collapsed
Dist indices:
0 7
Amps indices:
2 4
Distances:
c1.orig
[[ 1.98550401  2.18250246]
 [ 4.26516606  4.86998248]
 [ 6.86861197  9.63078011]
 [ 2.75153604  7.40298453]
 [ 1.90792625 10.        ]
 [ 6.3782624   3.6001172 ]
 [ 1.54676143  3.42688652]
 [ 2.37850285  3.45524922]
 [ 2.43284004  0.06264523]
 [ 0.38950678  4.92252849]]
c2.orig
[[ 1.98550401  2.18250246]
 [ 4.26516606  4.86998248]
 [ 6.86861197  9.63078011]
 [ 2.75153604  7.40298453]
 [ 1.90792625 10.        ]
 [ 6.3782624   3.6001172 ]
 [ 1.54676143  3.42688652]
 [ 2.37850285  3.45524922]
 [ 2.43284004  0.06264523]
 [ 0.38950678  4.92252849]]
c1.cross
[[ 1.98550401  2.18250246]
 [ 4.26516606  4.86998248]
 [ 6.86861197  9.63078011]
 [ 2.75153604  7.40298453]
 [ 1.90792625 10.        ]
 [ 6.3782624   3.6001172 ]
 [ 1.54676143  3.42688652]
 [ 2.37850285  3.45524922]
 [ 2.43284004  0.06264523]
 [ 0.38950678  4.92252849]]
Amplitudes:
c1.orig
[ 3.65786913 10.07364883  0.7180456   6.96640172  1.58054413  1.85434244
  5.40670628  2.84191059  1.53081243  3.23136408]
c2.orig
[ 3.65786913 10.07364883  0.7180456   6.96640172  1.58054413  1.85434244
  5.40670628  2.84191059  1.53081243  3.23136408]
c1.cross
[ 3.65786913 10.07364883  0.7180456   6.96640172  1.58054413  1.85434244
  5.40670628  2.84191059  1.53081243  3.23136408]
Updating values
c1.updated
[[ 1.98550401  2.18250246]
 [ 4.26516606  4.86998248]
 [ 6.86861197  9.63078011]
 [ 2.75153604  7.40298453]
 [ 1.90792625 10.        ]
 [ 6.3782624   3.6001172 ]
 [ 1.54676143  3.42688652]
 [ 2.37850285  3.45524922]
 [ 2.43284004  0.06264523]
 [ 0.38950678  4.92252849]]
[ 3.65786913 10.07364883  0.7180456   6.96640172  1.58054413  1.85434244
  5.40670628  2.84191059  1.53081243  3.23136408]
556.140453191365 556.140453191365 False
Storing candidate!		|| >>>>>>>>>>>>>>>>>>>>>>>>>> -------------- ||  66 %Dist indices:
2 5
Amps indices:
3 6
Distances:
c1.orig
[[ 1.54739055  1.71358362]
 [ 4.83393954  5.55238482]
 [ 6.00836875 10.        ]
 [ 3.94582347  4.30165908]
 [ 0.99312543  9.69676118]
 [ 4.05658448  5.7893882 ]
 [ 2.77719679  4.7382995 ]
 [ 5.10055211  3.87004727]
 [ 2.83478009  2.75231404]
 [ 1.590392    7.51757181]]
c2.orig
[[1.73291386 2.37704956]
 [2.10317238 1.4001211 ]
 [8.47143882 7.3516645 ]
 [5.21650614 9.29720897]
 [3.39530498 8.207418  ]
 [8.72184884 3.62495893]
 [2.85623127 2.00484892]
 [0.91866866 1.83274584]
 [2.34122869 0.37745929]
 [0.28738433 3.0086373 ]]
c1.cross
[[1.54739055 1.71358362]
 [4.83393954 5.55238482]
 [8.47143882 7.3516645 ]
 [5.21650614 9.29720897]
 [3.39530498 8.207418  ]
 [4.05658448 5.7893882 ]
 [2.77719679 4.7382995 ]
 [5.10055211 3.87004727]
 [2.83478009 2.75231404]
 [1.590392   7.51757181]]
Amplitudes:
c1.orig
[4.44493591 8.93735842 4.1866995  7.64569837 3.34056228 2.64672159
 7.18760933 3.75192538 4.13159431 3.69636351]
c2.orig
[3.10590085 8.47290125 0.78820748 5.70865316 1.46596709 3.63596333
 3.61786679 3.04784599 0.67387539 1.54405794]
c1.cross
[4.44493591 8.93735842 4.1866995  5.70865316 1.46596709 3.63596333
 7.18760933 3.75192538 4.13159431 3.69636351]
Updating values
c1.updated
[[1.54739055 1.71358362]
 [4.83393954 5.55238482]
 [8.47143882 7.3516645 ]
 [5.21650614 9.29720897]
 [3.39530498 8.207418  ]
 [4.05658448 5.7893882 ]
 [2.77719679 4.7382995 ]
 [5.10055211 3.87004727]
 [2.83478009 2.75231404]
 [1.590392   7.51757181]]
[4.44493591 8.93735842 4.1866995  5.70865316 1.46596709 3.63596333
 7.18760933 3.75192538 4.13159431 3.69636351]
535.4603744962307 550.6315203467113 True
Storing candidate!		|| >>>>>>>>>>>>>>>>>>>>>>>>>>>>>>>>> ------- ||  83 %Dist indices:
2 3
Amps indices:
0 9
Distances:
c1.orig
[[1.67104922 3.30377403]
 [5.04555769 4.30993404]
 [5.99376615 6.8747162 ]
 [3.7723282  6.20872681]
 [2.49725729 6.85119835]
 [5.33577485 5.76312683]
 [0.99317594 2.95721276]
 [2.85124492 2.82817422]
 [2.49820764 2.26062557]
 [3.25181506 5.50125915]]
c2.orig
[[1.54739055 1.71358362]
 [4.83393954 5.55238482]
 [8.47143882 7.3516645 ]
 [5.21650614 9.29720897]
 [3.39530498 8.207418  ]
 [4.05658448 5.7893882 ]
 [2.77719679 4.7382995 ]
 [5.10055211 3.87004727]
 [2.83478009 2.75231404]
 [1.590392   7.51757181]]
c1.cross
[[1.67104922 3.30377403]
 [5.04555769 4.30993404]
 [8.47143882 7.3516645 ]
 [3.7723282  6.20872681]
 [2.49725729 6.85119835]
 [5.33577485 5.76312683]
 [0.99317594 2.95721276]
 [2.85124492 2.82817422]
 [2.49820764 2.26062557]
 [3.25181506 5.50125915]]
Amplitudes:
c1.orig
[5.77686943 8.154856   3.63176182 6.45168825 2.42107219 3.74689542
 5.79162216 4.03270565 3.47369455 3.9097616 ]
c2.orig
[4.44493591 8.93735842 4.1866995  5.70865316 1.46596709 3.63596333
 7.18760933 3.75192538 4.13159431 3.69636351]
c1.cross
[4.44493591 8.93735842 4.1866995  5.70865316 1.46596709 3.63596333
 7.18760933 3.75192538 4.13159431 3.9097616 ]
Updating values
c1.updated
[[1.67104922 3.30377403]
 [5.04555769 4.30993404]
 [8.47143882 7.3516645 ]
 [3.7723282  6.20872681]
 [2.49725729 6.85119835]
 [5.33577485 5.76312683]
 [0.99317594 2.95721276]
 [2.85124492 2.82817422]
 [2.49820764 2.26062557]
 [3.25181506 5.50125915]]
[4.44493591 8.93735842 4.1866995  5.70865316 1.46596709 3.63596333
 7.18760933 3.75192538 4.13159431 3.9097616 ]
516.4717703286647 535.4603744962307 True
Storing candidate!		|| >>>>>>>>>>>>>>>>>>>>>>>>>>>>>>>>>>>>>>>>  ||  100 %Dist indices:
4 6
Amps indices:
8 9
Distances:
c1.orig
[[1.82349558 2.51065135]
 [2.96796985 2.78806565]
 [7.83030808 8.26331074]
 [4.2305181  8.5395192 ]
 [2.80035349 8.9244508 ]
 [7.78441427 3.61502224]
 [0.18772761 0.61046546]
 [0.26055147 2.02053461]
 [0.32316215 3.11774316]
 [0.69943422 3.75795936]]
c2.orig
[[1.67104922 3.30377403]
 [5.04555769 4.30993404]
 [8.47143882 7.3516645 ]
 [3.7723282  6.20872681]
 [2.49725729 6.85119835]
 [5.33577485 5.76312683]
 [0.99317594 2.95721276]
 [2.85124492 2.82817422]
 [2.49820764 2.26062557]
 [3.25181506 5.50125915]]
c1.cross
[[1.82349558 2.51065135]
 [2.96796985 2.78806565]
 [7.83030808 8.26331074]
 [4.2305181  8.5395192 ]
 [2.49725729 6.85119835]
 [5.33577485 5.76312683]
 [0.18772761 0.61046546]
 [0.26055147 2.02053461]
 [0.32316215 3.11774316]
 [0.69943422 3.75795936]]
Amplitudes:
c1.orig
[4.15087056 9.11320028 0.76014273 4.75435093 1.87674182 1.04321054
 2.27122951 1.84899555 0.09617284 1.27534557]
c2.orig
[4.44493591 8.93735842 4.1866995  5.70865316 1.46596709 3.63596333
 7.18760933 3.75192538 4.13159431 3.9097616 ]
c1.cross
[4.15087056 9.11320028 0.76014273 4.75435093 1.87674182 1.04321054
 2.27122951 1.84899555 4.13159431 1.27534557]
Updating values
c1.updated
[[1.82349558 2.51065135]
 [2.96796985 2.78806565]
 [7.83030808 8.26331074]
 [4.2305181  8.5395192 ]
 [2.49725729 6.85119835]
 [5.33577485 5.76312683]
 [0.18772761 0.61046546]
 [0.26055147 2.02053461]
 [0.32316215 3.11774316]
 [0.69943422 3.75795936]]
[4.15087056 9.11320028 0.76014273 4.75435093 1.87674182 1.04321054
 2.27122951 1.84899555 4.13159431 1.27534557]
556.140453191365 516.4717703286647 False
Storing candidate!Generation 1:
	Evaluating...
	Sorting...
[4 5 1 3 0 2]
[516.47177033 516.47177033 531.50274337 535.4603745  550.63152035
 556.14045319]
Indi 0:
[[1.73291386 2.37704956]
 [2.10317238 1.4001211 ]
 [8.47143882 7.3516645 ]
 [5.21650614 9.29720897]
 [3.39530498 8.207418  ]
 [8.72184884 3.62495893]
 [2.85623127 2.00484892]
 [0.91866866 1.83274584]
 [2.34122869 0.37745929]
 [0.28738433 3.0086373 ]]
[3.10590085 8.47290125 0.78820748 5.70865316 1.46596709 3.63596333
 3.61786679 3.04784599 0.67387539 1.54405794]
Indi 1:
[[1.75904971 1.84849797]
 [2.10317238 1.4001211 ]
 [8.47143882 7.3516645 ]
 [5.21650614 9.29720897]
 [3.39530498 8.207418  ]
 [8.72184884 3.62495893]
 [8.21802059 9.96517247]
 [4.02379581 2.9857773 ]
 [7.47800641 8.80065136]
 [2.85655316 3.04922335]]
[1.04544485 8.47290125 0.78820748 9.35215731 9.93731641 8.33622443
 8.77329949 5.83903668 3.45593301 3.90314499]
Indi 2:
[[1.82349558 2.51065135]
 [2.96796985 2.78806565]
 [7.83030808 8.26331074]
 [4.2305181  8.5395192 ]
 [2.49725729 6.85119835]
 [5.33577485 5.76312683]
 [0.18772761 0.61046546]
 [0.26055147 2.02053461]
 [0.32316215 3.11774316]
 [0.69943422 3.75795936]]
[4.15087056 9.11320028 0.76014273 4.75435093 1.87674182 1.04321054
 2.27122951 1.84899555 4.13159431 1.27534557]
Indi 3:
[[1.54739055 1.71358362]
 [4.83393954 5.55238482]
 [8.47143882 7.3516645 ]
 [5.21650614 9.29720897]
 [3.39530498 8.207418  ]
 [4.05658448 5.7893882 ]
 [2.77719679 4.7382995 ]
 [5.10055211 3.87004727]
 [2.83478009 2.75231404]
 [1.590392   7.51757181]]
[4.44493591 8.93735842 4.1866995  5.70865316 1.46596709 3.63596333
 7.18760933 3.75192538 4.13159431 3.69636351]
Indi 4:
[[1.67104922 3.30377403]
 [5.04555769 4.30993404]
 [8.47143882 7.3516645 ]
 [3.7723282  6.20872681]
 [2.49725729 6.85119835]
 [5.33577485 5.76312683]
 [0.99317594 2.95721276]
 [2.85124492 2.82817422]
 [2.49820764 2.26062557]
 [3.25181506 5.50125915]]
[4.44493591 8.93735842 4.1866995  5.70865316 1.46596709 3.63596333
 7.18760933 3.75192538 4.13159431 3.9097616 ]
Indi 5:
[[1.67104922 3.30377403]
 [5.04555769 4.30993404]
 [8.47143882 7.3516645 ]
 [3.7723282  6.20872681]
 [2.49725729 6.85119835]
 [5.33577485 5.76312683]
 [0.99317594 2.95721276]
 [2.85124492 2.82817422]
 [2.49820764 2.26062557]
 [3.25181506 5.50125915]]
[4.44493591 8.93735842 4.1866995  5.70865316 1.46596709 3.63596333
 7.18760933 3.75192538 4.13159431 3.9097616 ]
Best result so far:
awas:  (2,)
